0	0
1	5
2	1
3	0
4	6
5	231
6	2229
7	3133
8	3792
9	4747
10	5842
11	7342
12	9530
13	11910
14	13476
15	14293
16	15761
17	17004
18	17053
19	16279
20	15312
21	14521
22	13738
23	13016
24	12277
25	11776
26	11498
27	11079
28	11159
29	10874
30	10672
31	10502
32	10127
33	9906
34	9728
35	9411
36	9181
37	9056
38	8654
39	8374
40	8236
41	7852
42	7660
43	7551
44	7121
45	7105
46	6806
47	6693
48	6479
49	6481
50	6251
51	6057
52	5980
53	5998
54	6004
55	5674
56	5697
57	5463
58	5290
59	5249
60	5072
61	5120
62	4915
63	4725
64	4571
65	4583
66	4505
67	4386
68	4347
69	4189
70	4018
71	4059
72	3989
73	3789
74	3703
75	3709
76	3660
77	3547
78	3404
79	3410
80	3366
81	3360
82	3272
83	3301
84	3258
85	3129
86	3169
87	2988
88	2937
89	2968
90	2861
91	2746
92	2767
93	2791
94	2665
95	2732
96	2763
97	2840
98	2711
99	2665
100	2613
101	2552
102	2543
103	2484
104	2448
105	2345
106	2326
107	2218
108	2137
109	2121
110	2090
111	2057
112	2015
113	1948
114	1870
115	1852
116	1818
117	1869
118	1829
119	1833
120	1915
121	1852
122	1878
123	1901
124	1870
125	1919
126	1977
127	1981
128	2011
129	2048
130	2107
131	2125
132	2015
133	2114
134	2152
135	2096
136	2176
137	2047
138	2138
139	2039
140	2044
141	1931
142	1974
143	1885
144	1855
145	1847
146	1855
147	1684
148	1571
149	1647
150	1511
151	1443
152	1464
153	1381
154	1350
155	1320
156	1253
157	1287
158	1254
159	1210
160	1287
161	1309
162	1274
163	1316
164	1348
165	1343
166	1341
167	1347
168	1336
169	1402
170	1326
171	1411
172	1363
173	1378
174	1355
175	1350
176	1298
177	1343
178	1310
179	1233
180	1252
181	1242
182	1168
183	1089
184	1081
185	1098
186	1050
187	1062
188	965
189	953
190	996
191	828
192	885
193	835
194	904
195	826
196	817
197	836
198	780
199	824
200	798
201	780
202	839
203	836
204	794
205	760
206	787
207	748
208	742
209	759
210	796
211	788
212	792
213	804
214	758
215	752
216	794
217	806
218	772
219	769
220	749
221	712
222	786
223	756
224	763
225	745
226	719
227	712
228	723
229	671
230	738
231	696
232	691
233	664
234	751
235	682
236	739
237	641
238	681
239	686
240	638
241	648
242	615
243	621
244	664
245	616
246	600
247	608
248	559
249	572
250	596
251	583
252	558
253	596
254	519
255	554
256	589
257	583
258	562
259	544
260	535
261	537
262	524
263	527
264	568
265	552
266	535
267	536
268	564
269	551
270	521
271	497
272	493
273	484
274	463
275	537
276	486
277	502
278	494
279	475
280	496
281	515
282	443
283	471
284	470
285	457
286	464
287	409
288	472
289	473
290	453
291	434
292	469
293	436
294	438
295	461
296	473
297	439
298	454
299	443
300	483
301	479
302	500
303	441
304	440
305	469
306	499
307	465
308	456
309	478
310	441
311	440
312	461
313	447
314	464
315	448
316	504
317	458
318	455
319	474
320	419
321	442
322	468
323	449
324	490
325	436
326	435
327	465
328	475
329	490
330	427
331	440
332	404
333	423
334	416
335	418
336	414
337	382
338	421
339	426
340	391
341	395
342	368
343	402
344	381
345	406
346	372
347	367
348	366
349	356
350	400
351	346
352	408
353	413
354	376
355	338
356	348
357	345
358	344
359	380
360	350
361	386
362	361
363	386
364	384
365	372
366	347
367	352
368	339
369	341
370	358
371	315
372	357
373	384
374	347
375	307
376	331
377	307
378	339
379	350
380	319
381	320
382	347
383	312
384	334
385	317
386	317
387	325
388	320
389	362
390	366
391	346
392	346
393	349
394	361
395	327
396	353
397	338
398	354
399	344
400	339
401	337
402	347
403	334
404	325
405	341
406	347
407	334
408	344
409	351
410	300
411	311
412	322
413	358
414	316
415	285
416	302
417	324
418	321
419	326
420	282
421	309
422	327
423	289
424	290
425	290
426	252
427	296
428	286
429	308
430	257
431	281
432	280
433	277
434	278
435	271
436	249
437	257
438	272
439	223
440	255
441	251
442	273
443	234
444	225
445	267
446	256
447	233
448	234
449	224
450	230
451	215
452	230
453	232
454	213
455	241
456	206
457	207
458	237
459	248
460	225
461	233
462	235
463	227
464	226
465	196
466	209
467	250
468	227
469	243
470	210
471	217
472	229
473	235
474	243
475	236
476	251
477	225
478	235
479	222
480	226
481	231
482	223
483	263
484	265
485	239
486	226
487	217
488	258
489	257
490	231
491	251
492	230
493	244
494	227
495	254
496	218
497	221
498	235
499	225
500	233
501	216
502	180
503	229
504	214
505	201
506	198
507	218
508	180
509	237
510	211
511	202
512	214
513	186
514	191
515	214
516	195
517	205
518	176
519	182
520	181
521	168
522	198
523	163
524	173
525	168
526	183
527	173
528	172
529	166
530	146
531	199
532	171
533	142
534	171
535	158
536	152
537	156
538	137
539	168
540	167
541	177
542	154
543	133
544	153
545	148
546	135
547	147
548	148
549	126
550	126
551	133
552	142
553	122
554	134
555	121
556	130
557	122
558	143
559	131
560	134
561	141
562	129
563	121
564	138
565	144
566	105
567	132
568	121
569	124
570	125
571	115
572	118
573	112
574	127
575	123
576	135
577	111
578	127
579	125
580	132
581	124
582	105
583	104
584	122
585	123
586	129
587	125
588	109
589	132
590	118
591	138
592	141
593	134
594	155
595	131
596	145
597	130
598	137
599	146
600	135
601	138
602	137
603	122
604	127
605	127
606	142
607	112
608	138
609	150
610	136
611	132
612	140
613	151
614	119
615	148
616	118
617	134
618	144
619	108
620	123
621	131
622	136
623	126
624	117
625	123
626	116
627	125
628	135
629	124
630	128
631	114
632	141
633	122
634	131
635	135
636	121
637	124
638	128
639	96
640	124
641	111
642	97
643	114
644	111
645	122
646	121
647	89
648	104
649	93
650	107
651	107
652	118
653	97
654	115
655	89
656	115
657	81
658	108
659	109
660	89
661	89
662	103
663	114
664	101
665	84
666	110
667	87
668	90
669	91
670	84
671	101
672	102
673	91
674	92
675	81
676	74
677	99
678	99
679	82
680	96
681	95
682	83
683	85
684	94
685	86
686	80
687	79
688	99
689	106
690	115
691	89
692	74
693	104
694	61
695	81
696	83
697	89
698	82
699	106
700	94
701	102
702	101
703	102
704	96
705	77
706	91
707	109
708	103
709	94
710	84
711	97
712	82
713	98
714	76
715	111
716	76
717	94
718	78
719	95
720	103
721	92
722	88
723	96
724	79
725	97
726	86
727	97
728	102
729	90
730	99
731	70
732	106
733	82
734	109
735	92
736	105
737	84
738	93
739	103
740	107
741	92
742	97
743	80
744	86
745	99
746	81
747	73
748	94
749	85
750	81
751	76
752	93
753	75
754	88
755	93
756	98
757	88
758	89
759	81
760	77
761	81
762	77
763	61
764	86
765	74
766	72
767	66
768	76
769	92
770	89
771	83
772	83
773	68
774	90
775	79
776	71
777	78
778	78
779	71
780	81
781	67
782	83
783	75
784	75
785	77
786	80
787	68
788	70
789	69
790	65
791	63
792	64
793	80
794	74
795	55
796	52
797	68
798	66
799	70
800	71
801	68
802	57
803	63
804	58
805	78
806	72
807	62
808	54
809	73
810	76
811	75
812	66
813	73
814	76
815	76
816	80
817	69
818	63
819	72
820	73
821	65
822	72
823	54
824	80
825	68
826	71
827	52
828	72
829	60
830	67
831	89
832	52
833	61
834	64
835	62
836	67
837	49
838	59
839	50
840	84
841	74
842	56
843	48
844	65
845	58
846	64
847	68
848	75
849	50
850	49
851	65
852	61
853	64
854	54
855	38
856	57
857	57
858	67
859	56
860	69
861	72
862	54
863	64
864	47
865	59
866	64
867	67
868	66
869	60
870	74
871	68
872	58
873	51
874	64
875	69
876	63
877	60
878	63
879	49
880	62
881	61
882	55
883	70
884	61
885	50
886	66
887	55
888	63
889	59
890	51
891	50
892	58
893	63
894	56
895	54
896	46
897	59
898	56
899	65
900	59
901	53
902	56
903	57
904	53
905	54
906	57
907	64
908	64
909	67
910	71
911	59
912	61
913	64
914	52
915	58
916	74
917	69
918	62
919	55
920	66
921	72
922	54
923	46
924	40
925	57
926	48
927	56
928	54
929	72
930	55
931	66
932	60
933	46
934	54
935	52
936	69
937	63
938	66
939	67
940	56
941	60
942	69
943	54
944	53
945	60
946	52
947	54
948	63
949	55
950	46
951	64
952	62
953	55
954	62
955	55
956	69
957	50
958	57
959	55
960	54
961	59
962	59
963	64
964	64
965	57
966	61
967	63
968	60
969	53
970	52
971	59
972	61
973	64
974	52
975	70
976	59
977	50
978	56
979	54
980	58
981	55
982	49
983	57
984	52
985	54
986	46
987	76
988	67
989	43
990	54
991	57
992	59
993	61
994	52
995	51
996	41
997	46
998	47
999	50
1000	54
1001	57
1002	54
1003	60
1004	54
1005	44
1006	70
1007	46
1008	50
1009	54
1010	49
1011	51
1012	63
1013	52
1014	62
1015	64
1016	57
1017	55
1018	61
1019	49
1020	55
1021	52
1022	57
1023	57